
4
6
8.16908
10.3961
12.8658
15.511
18.3002
21.1944
24.3574
27.7673
31.4012
35.0873
39.0311
43.188
47.499
51.9012
56.3079
60.742
65.2854
69.873
74.5104
79.4444
84.5121
89.6155
94.7203
99.8277
105.049
110.429
115.638
120.666
125.513
130.309
134.907
139.369
143.725
148.065
152.222
156.144
159.826
163.351
166.786
169.958
172.912
175.58
177.969
180.197
182.382
184.429
186.405
188.122
189.776
191.197
192.364
193.232
193.801
194.186
194.453
194.64
194.738
194.584
194.423
194.15
193.848
193.343
192.822
192.298
191.498
190.615
189.651
188.51
187.162
185.562
183.745
181.782
179.757
177.51
175.121
172.596
169.785
166.752
163.686
160.44
157.078
153.496
149.732
145.796
141.751
137.661
133.503
129.218
124.691
120.01
115.032
109.828
104.521
99.1625
93.6072
88.1995
82.8108
77.6321
72.6048
67.6218
62.9236
58.2679
53.8837
49.7074
45.622
41.6646
37.7283
34.082
30.6406
27.2452
24.113
21.2273
18.5162
15.8625
13.2622
10.907
8.69442
6.52849
4.51375
2.7186
1.04514
-0.54445
-1.96342
-3.17771
-4.16525
-4.93622
-5.56459
-6.15606
-6.63719
-6.86791
-7.08811
-7.1532
-7.01939
-6.75772
-6.46464
-5.88677
-5.03247
-4.01332
-2.89037
-1.62589
-0.24893
1.38213
3.10825
4.9712
6.91572
9.15513
11.4839
14.0344
16.7551
19.5346
22.5424
25.8021
29.1812
32.7104
36.5068
40.3113
44.4143
48.689
52.9789
57.4282
61.9357
66.6961
71.6446
76.7903
81.9954
87.4531
92.9478
98.4755
104.226
110.071
115.634
121.11
126.486
131.82
136.934
141.797
146.448
150.919
155.166
159.337
163.465
167.592
171.701
175.568
179.179
182.727
186.24
189.587
192.931
196.24
199.412
202.359
205.1
207.678
210.234
212.659
215.023
217.179