
4
6
8.00038
10.1698
12.3973
14.8673
17.5129
20.3024
23.197
26.3605
29.7707
33.4049
37.0914
41.0356
45.1929
49.5042
53.9068
58.3139
62.7483
67.2922
71.8802
76.5179
81.4523
86.5203
91.6241
96.7293
101.837
107.058
112.12
117.01
121.72
126.248
130.726
135.005
139.148
143.186
147.207
151.046
154.649
158.012
161.219
164.335
167.189
169.824
172.173
174.244
176.153
178.02
179.747
181.405
182.803
184.139
185.241
186.09
186.639
186.889
186.955
186.904
186.773
186.552
186.08
185.6
185.008
184.388
183.564
182.724
181.881
180.763
179.561
178.278
176.819
175.152
173.234
171.098
168.816
166.473
163.907
161.2
158.356
155.227
151.875
148.49
144.925
141.245
137.345
133.262
129.007
124.643
120.234
115.758
111.154
106.309
101.309
96.0125
90.4901
85.0714
79.7034
74.5326
69.5094
64.5052
59.7109
55.0681
50.4696
46.1559
41.8847
37.885
34.0932
30.3923
26.8193
23.2675
20.0057
16.9488
13.9379
11.1902
8.68894
6.36233
4.09312
1.87729
-0.0933958
-1.9215
-3.70293
-5.33319
-6.74385
-8.03282
-9.23793
-10.2724
-11.1022
-11.7053
-12.0917
-12.3356
-12.5426
-12.6393
-12.4855
-12.3212
-12.0018
-11.4835
-10.8373
-10.1598
-9.19742
-7.95864
-6.55499
-5.04755
-3.3986
-1.63714
0.378402
2.48901
4.73645
7.06545
9.68935
12.4026
15.3376
18.4428
21.6067
24.9991
28.6433
32.4068
36.3206
40.5014
44.6904
49.1779
53.8371
58.5115
63.3452
68.2372
73.3821
78.7151
84.2453
89.8349
95.6771
101.556
107.468
113.158
118.753
124.066
129.292
134.418
139.502
144.366
148.98
153.381
157.602
161.599
165.52
169.398
173.276
177.135
180.752
184.113
187.411
190.675
193.772
196.866
199.925
202.848
205.545
208.036
210.364
212.67
214.845
216.96
218.865
220.684
222.371
223.989
225.434
226.718
227.814
228.862
229.759
230.367
230.766
230.888
230.952
230.916
230.827
230.438
229.913
229.088
228.234
227.192
226.123
224.921
223.441
221.945
220.182
218.331
216.412
214.263
211.99
209.657
207.135
204.432
201.593
198.615
195.457
192.109
188.505
184.651
180.611
176.354
171.927
167.388
162.793
157.977
152.995
147.741
142.414
137.031
131.466
125.692
119.742
113.687
107.483
101.255
94.8054
88.1719
81.7245
75.4845
69.4858
63.5318
57.7507
52.2298
46.9825
41.9195
37.0749
32.2432
27.6118
23.2735
19.0296
14.9564
10.9751
7.04587
3.14923
-0.486688
-3.86724
-7.0245
-10.1353
-13.148
-16.1369
-19.1029
-21.8765
-24.4041
-26.7683
-28.9979
-31.1048
-33.1222
-34.9998
-36.7271
-38.4086
-39.9932
-41.3564
-42.6254
-43.6464
-44.3797
-44.851
-45.1047
-45.2685
-45.1491
-44.9914
-44.8141
-44.4013
-43.8311
-43.078
-42.0381
-40.9765
-39.6522
-38.1317
-36.5147
-34.8661
-33.0661
-31.1979
-29.2427
-27.0114
-24.6148
-22.0194
-19.3896
-16.612
-13.7207
-10.6804
-7.40201
-3.97088
-0.425034
3.32726
7.23919
11.333
15.5454
19.7595
24.186
28.6427
33.2863
38.1889
43.239
48.5132
53.9365
59.4738
65.2468
71.1856
77.2315
83.5641
90.086
96.6609
103.348
110.075
116.578
122.796
128.831
134.857
140.784
146.695
152.414
158.093
163.518
168.684
173.67
178.441
182.955
187.464
191.936
196.195
200.269
204.278
208.267
212.206
215.957
219.606
223.159
226.602
229.847
232.85
235.612
238.216
240.636
242.817
244.728
246.596
248.274
249.831
251.313
252.754
253.937
255.102
256.137
257.001
257.774
258.383
258.924
259.372
259.786
259.958
260.09
260.136
259.946
259.487
258.792
257.873
256.769
255.558
254.089
252.552
250.756
248.891
246.951
244.848
242.45
240.036
237.597
235.001
232.277
229.524
226.694
223.597
220.429
217.218
213.969
210.44
206.888
203.321
199.737
196.052
192.092
188.013
183.804
179.312
174.568
169.663
164.507
159.142
153.657
148.095
142.532
136.811
130.804
124.677
118.477
112.102
105.651
98.9942
92.0539
85.2442
78.7016
72.1611
65.903
59.8253
53.9834
48.3146
42.6885
37.1291
31.6845
26.2413
20.9234
15.6303
10.535
5.69637
0.877151
-3.69875
-8.07603
-12.2459
-16.1749
-19.9449
-23.5092
-27.0306
-30.3453
-33.4415
-36.3044
-39.158
-41.751
-44.1507
-46.3384
-48.5004
-50.4968
-52.2089
-53.9034
-55.5153
-57.0837
-58.3576
-59.4454
-60.4456
-61.1691
-61.7823
-62.1871
-62.5263
-62.8188
-63.0391
-63.1029
-62.8961
-62.6574
-62.1478
-61.5058
-60.8397
-59.939
-58.9867
-57.7421
-56.2648
-54.5263
-52.7247
-50.7861
-48.8463
-46.6814
-44.4822
-42.1616