
4	0
6	6
49.2313	6
74.295	49.2313
86.0768	74.295
91.0978	86.0768
96.5579	91.0978
99.204	96.5579
100.048	99.204
100.206	100.048
100.137	100.206
100.069	100.137
100.036	100.069
100.023	100.036
100.021	100.023
100.019	100.021
100.015	100.019
100.013	100.015
100.011	100.013
100.005	100.011
100.002	100.005
100.002	100.002
100.001	100.002
100.001	100.001
100.001	100.001
100.001	100.001
100	100.001
100	100
100	100
100	100
100	100
100	100
100	100
100	100
100	100
100	100
100	100
100	100
100	100
100	100
100	100
100	100
100	100
100	100
100	100
100	100
100	100
100	100
100	100
100	100
100	100
100	100
100	100
100	100
100	100
100	100
100	100
100	100
100	100
100	100
100	100
100	100
100	100
100	100
100	100
100	100
100	100
100	100
100	100
100	100
100	100
100	100
100	100
100	100
100	100
100	100
100	100
100	100
100	100
100	100
100	100
100	100
100	100
100	100
100	100
100	100
100	100
100	100
100	100
100	100
100	100
100	100
100	100
100	100
100	100
100	100
100	100
100	100
100	100
100	100
100	100
100	100
100	100
100	100
100	100
100	100
100	100
100	100
100	100
100	100
100	100
100	100
100	100
100	100
100	100
100	100
100	100
100	100
100	100
100	100
100	100
100	100
100	100
100	100
100	100
100	100
100	100
100	100
100	100
100	100
100	100
100	100
100	100
100	100
100	100
100	100
100	100
100	100
100	100
100	100
100	100
100	100
100	100
100	100
100	100
100	100
100	100
100	100
100	100
100	100
100	100
100	100
100	100
100	100
100	100
100	100
100	100
100	100
100	100
100	100
100	100
100	100
100	100
100	100
100	100
100	100
100	100
100	100
100	100
100	100
100	100
100	100
100	100
100	100
100	100
100	100
100	100
100	100
100	100
100	100
100	100
100	100
100	100
100	100
100	100
100	100
100	100
100	100
100	100
100	100
100	100
100	100
100	100
100	100
100	100
100	100
100	100
100	100
100	100
100	100
100	100
100	100
100	100
100	100
100	100
100	100
100	100
100	100
100	100
100	100
100	100
100	100
100	100
100	100
100	100
100	100
100	100
100	100
100	100
100	100
100	100
100	100
100	100
100	100
100	100
100	100
100	100
100	100
100	100
100	100
100	100
100	100
100	100
100	100
100	100
100	100
100	100
100	100
100	100
100	100
100	100
100	100
100	100
100	100
100	100
100	100
100	100
100	100
100	100
100	100
100	100
100	100
100	100
100	100
100	100
100	100
100	100
100	100
100	100
100	100
100	100
100	100
100	100
100	100
100	100
100	100
100	100
100	100
100	100
100	100
100	100
100	100
100	100
100	100
100	100
100	100
100	100
100	100
100	100
100	100
100	100
100	100
100	100
100	100
100	100
100	100
100	100
100	100
100	100
100	100
100	100
100	100
100	100
100	100
100	100
100	100
100	100
100	100
100	100
100	100
100	100
100	100
100	100
100	100
100	100
100	100
100	100
100	100
100	100
100	100
100	100
100	100
100	100
100	100
100	100
100	100
100	100
100	100
100	100
100	100
100	100
100	100
100	100
100	100
100	100
100	100
100	100
100	100
100	100
100	100
100	100
100	100
100	100
100	100
100	100
100	100
100	100
100	100
100	100
100	100
100	100
100	100
100	100
100	100
100	100
100	100
100	100
100	100
100	100
100	100
100	100
100	100
100	100
100	100
100	100
100	100
100	100
100	100
100	100
100	100
100	100
100	100
100	100
100	100
100	100
100	100
100	100
100	100
100	100
100	100
100	100
100	100
100	100
100	100
100	100
100	100
100	100
100	100
100	100
100	100
100	100
100	100
100	100
100	100
100	100
100	100
100	100
100	100
100	100
100	100
100	100
100	100
100	100
100	100
100	100
100	100
100	100
100	100
100	100
100	100
100	100
100	100
100	100
100	100
100	100
100	100
100	100
100	100
100	100
100	100
100	100
100	100
100	100
100	100
100	100
100	100
100	100
100	100
100	100
100	100
100	100
100	100
100	100
100	100
100	100
100	100
100	100
100	100
100	100
100	100
100	100
100	100
100	100
100	100
100	100
100	100
100	100
100	100
100	100
100	100
100	100
100	100
100	100
100	100
100	100
100	100
100	100
100	100
100	100
100	100
100	100
100	100
100	100
100	100
100	100
100	100
100	100
100	100
100	100
100	100
100	100
100	100
100	100
100	100
100	100
100	100
100	100
100	100
100	100
100	100
100	100
100	100
100	100
100	100
100	100
100	100
100	100
100	100
100	100
100	100
100	100
100	100
100	100
100	100
100	100
100	100
100	100
100	100
100	100
100	100
100	100
100	100
100	100
100	100
100	100
100	100
100	100
100	100
100	100
100	100