
4	0
6	6
49.2313	6
74.295	6
86.0508	6
91.042	6
96.4348	6
99.0375	6
99.8587	6
100.011	6
99.934	6
99.862	6
99.8278	6
99.8149	6
99.8123	6
99.8107	6
99.8065	6
99.8045	6
99.8029	6
99.7964	6
99.7939	6
99.7933	6
99.7932	99.7933
99.7942	99.7932
99.8382	99.7942
99.8952	99.8382
99.9399	99.8952
99.9689	99.9399
99.9851	99.9689
99.9896	99.9851
99.9944	99.9896
99.9967	99.9944
99.9978	99.9967
99.9981	99.9978
99.9988	99.9981
99.9995	99.9988
99.9998	99.9995
100	99.9998
100	100
100	100
100	100
100	100
100	100
100	100
100	100
100	100
100	100
100	100
100	100
100	100
100	100
100	100
100	100
100	100
100	100
100	100
100	100
100	100
100	100
100	100
100	100
100	100
100	100
100	100
100	100
100	100
100	100
100	100
100	100
100	100
100	100
100	100
100	100
100	100
100	100
100	100
100	100
100	100
100	100
100	100
100	100
100	100
100	100
100	100
100	100
100	100
100	100
100	100
100	100
100	100
100	100
100	100
100	100
100	100
100	100
100	100
100	100
100	100
100	100
100	100
100	100
100	100
100	100
100	100
100	100
100	100
100	100
100	100
100	100
100	100
100	100
100	100
100	100
100	100
100	100
100	100
100	100
100	100
100	100
100	100
100	100
100	100
100	100
100	100
100	100
100	100
100	100
100	100
100	100
100	100
100	100
100	100
100	100
100	100
100	100
100	100
100	100
100	100
100	100
100	100
100	100
100	100
100	100
100	100
100	100
100	100
100	100
100	100
100	100
100	100
100	100
100	100
100	100
100	100
100	100
100	100
100	100
100	100
100	100
100	100
100	100
100	100
100	100
100	100
100	100
100	100
100	100
100	100
100	100
100	100
100	100
100	100
100	100
100	100
100	100
100	100
100	100
100	100
100	100
100	100
100	100
100	100
100	100
100	100
100	100
100	100
100	100
100	100
100	100
100	100
100	100
100	100
100	100
100	100
100	100
100	100
100	100
100	100
100	100
100	100
100	100
100	100
100	100
100	100
100	100
100	100
100	100
100	100
100	100
100	100
100	100
100	100
100	100
100	100
100	100
100	100
100	100
100	100
100	100
100	100
100	100
100	100
100	100
100	100
100	100
100	100
100	100
100	100
100	100
100	100
100	100
100	100
100	100
100	100
100	100
100	100
100	100
100	100
100	100
100	100
100	100
100	100
100	100
100	100
100	100
100	100
100	100
100	100
100	100
100	100
100	100
100	100
100	100
100	100
100	100
100	100
100	100
100	100
100	100
100	100
100	100
100	100
100	100
100	100
100	100
100	100
100	100
100	100
100	100
100	100
100	100
100	100
100	100
100	100
100	100
100	100
100	100
100	100
100	100
100	100
100	100
100	100
100	100
100	100
100	100
100	100
100	100
100	100
100	100
100	100
100	100
100	100
100	100
100	100
100	100
100	100
100	100
100	100
100	100
100	100
100	100
100	100
100	100
100	100
100	100
100	100
100	100
100	100
100	100
100	100
100	100
100	100
100	100
100	100
100	100
100	100
100	100
100	100
100	100
100	100
100	100
100	100
100	100
100	100
100	100
100	100
100	100
100	100
100	100
100	100
100	100
100	100
100	100
100	100
100	100
100	100
100	100
100	100
100	100
100	100
100	100
100	100
100	100
100	100
100	100
100	100
100	100
100	100
100	100
100	100
100	100
100	100
100	100
100	100
100	100
100	100
100	100
100	100
100	100
100	100
100	100
100	100
100	100
100	100
100	100
100	100
100	100
100	100
100	100
100	100
100	100
100	100
100	100
100	100
100	100
100	100
100	100
100	100
100	100
100	100
100	100
100	100
100	100
100	100
100	100
100	100
100	100
100	100
100	100
100	100
100	100
100	100
100	100
100	100
100	100
100	100
100	100
100	100
100	100
100	100
100	100
100	100
100	100
100	100
100	100
100	100
100	100
100	100
100	100
100	100
100	100
100	100
100	100
100	100
100	100
100	100
100	100
100	100
100	100
100	100
100	100
100	100
100	100
100	100
100	100
100	100
100	100
100	100
100	100
100	100
100	100
100	100
100	100
100	100
100	100
100	100
100	100
100	100
100	100
100	100
100	100
100	100
100	100
100	100
100	100
100	100
100	100
100	100
100	100
100	100
100	100
100	100
100	100
100	100
100	100
100	100
100	100
100	100
100	100
100	100
100	100
100	100
100	100
100	100
100	100
100	100
100	100
100	100
100	100
100	100
100	100
100	100
100	100
100	100
100	100
100	100
100	100
100	100
100	100
100	100
100	100
100	100
100	100
100	100
100	100
100	100
100	100
100	100
100	100
100	100
100	100
100	100
100	100
100	100
100	100
100	100
100	100
100	100
100	100
100	100